30 0
40 0
50 0
60 0
70 0
80 0
90 0
100 0
33 0
44 0
55 0
66 0
77 0
88 0
99 0
110 0
121 0
36 1
48 0
60 1
72 0
84 0
96 0
108 1
120 1
132 0
144 0
39 1
52 4
65 0
78 0
91 0
104 1
117 0
130 0
143 0
156 1
169 0
42 1
56 2
70 0
84 0
98 0
112 1
126 1
140 0
154 1
168 0
182 1
196 1
45 2
60 3
75 1
90 2
105 1
120 2
135 0
150 0
165 1
180 1
195 2
210 2
225 1
48 4
64 5
80 2
96 1
112 2
128 1
144 1
160 2
176 1
192 1
208 1
224 2
240 3
256 2
51 12
68 2
85 1
102 2
119 3
136 1
153 2
170 1
187 1
204 2
221 2
238 2
255 3
272 2
289 2
54 5
72 3
90 2
108 2
126 4
144 2
162 2
180 1
198 3
216 3
234 1
252 2
270 1
288 1
306 2
324 2
57 7
76 2
95 3
114 3
133 1
152 2
171 1
190 2
209 3
228 2
247 3
266 1
285 1
304 2
323 2
342 3
361 2
60 9
80 3
100 2
120 5
140 3
160 3
180 4
200 5
220 2
240 4
260 2
280 2
300 2
320 2
340 3
360 3
380 3
400 3
63 9
84 3
105 5
126 7
147 2
168 4
189 2
210 2
231 3
252 3
273 3
294 2
315 2
336 3
357 4
378 3
399 3
420 3
441 3
66 3
88 5
110 4
132 2
154 3
176 5
198 2
220 5
242 5
264 4
286 2
308 3
330 3
352 3
374 2
396 4
418 4
440 5
462 4
484 4
69 5
92 3
115 7
138 6
161 8
184 4
207 6
230 3
253 5
276 2
299 2
322 2
345 3
368 2
391 4
414 5
437 5
460 4
483 4
506 4
529 5
72 12
96 3
120 7
144 5
168 3
192 3
216 4
240 4
264 4
288 5
312 4
336 4
360 3
384 6
408 4
432 6
456 4
480 5
504 4
528 3
552 4
576 4
75 10
100 7
125 7
150 3
175 2
200 5
225 3
250 4
275 5
300 5
325 3
350 4
375 4
400 5
425 6
450 5
475 4
500 6
525 4
550 5
575 4
600 3
625 4
78 5
104 6
130 4
156 5
182 4
208 7
234 6
260 3
286 5
312 3
338 3
364 6
390 3
416 5
442 4
468 4
494 5
520 2
546 3
572 3
598 4
624 4
650 4
676 4
81 9
108 8
135 5
162 4
189 5
216 6
243 6
270 6
297 2
324 4
351 4
378 3
405 6
432 5
459 5
486 4
513 4
540 3
567 4
594 4
621 4
648 5
675 5
702 5
729 5
84 6
112 9
140 5
168 5
196 7
224 5
252 5
280 5
308 5
336 6
364 4
392 4
420 7
448 6
476 7
504 6
532 4
560 4
588 5
616 4
644 5
672 5
700 4
728 4
756 4
784 5
87 8
116 10
145 8
174 4
203 7
232 8
261 8
290 7
319 6
348 5
377 5
406 4
435 6
464 5
493 6
522 5
551 4
580 4
609 3
638 3
667 5
696 5
725 4
754 6
783 5
812 4
841 5
90 3
120 9
150 10
180 8
210 4
240 7
270 6
300 6
330 5
360 4
390 5
420 6
450 6
480 5
510 6
540 4
570 3
600 5
630 6
660 5
690 6
720 5
750 5
780 4
810 5
840 6
870 5
900 5
93 9
124 8
155 9
186 7
217 7
248 8
279 6
310 4
341 5
372 6
403 6
434 7
465 7
496 8
527 6
558 5
589 6
620 4
651 4
682 5
713 5
744 4
775 5
806 5
837 5
868 6
899 5
930 5
961 6
96 10
128 9
160 4
192 6
224 7
256 6
288 7
320 7
352 5
384 5
416 7
448 6
480 5
512 7
544 4
576 5
608 6
640 6
672 4
704 5
736 5
768 7
800 5
832 5
864 6
896 6
928 6
960 6
992 7
1024 6
99 10
132 8
165 8
198 7
231 10
264 5
297 6
330 7
363 6
396 8
429 6
462 6
495 7
528 4
561 6
594 5
627 5
660 4
693 5
726 5
759 5
792 5
825 7
858 6
891 6
924 7
957 7
990 6
1023 8
1056 5
1089 5
