9 0
12 0
16 0
15 0
20 0
25 0
18 0
24 0
30 0
36 0
21 0
28 0
35 0
42 0
49 0
24 0
32 1
40 0
48 1
56 1
64 12
27 0
36 0
45 0
54 6
63 10
72 2
81 8
30 8
40 1
50 1
60 6
70 1
80 9
90 13
100 17
33 0
44 2
55 6
66 2
77 4
88 11
99 19
110 49
121 55
36 1
48 18
60 7
72 7
84 12
96 23
108 38
120 52
132 40
144 42
39 10
52 12
65 7
78 10
91 14
104 43
117 61
130 32
143 41
156 84
169 96
42 16
56 45
70 23
84 36
98 36
112 59
126 85
140 57
154 55
168 81
182 133
196 151
45 24
60 65
75 14
90 47
105 47
120 98
135 43
150 52
165 100
180 123
195 172
210 187
225 261
48 78
64 39
80 52
96 60
112 66
128 100
144 79
160 98
176 130
192 165
208 197
224 255
240 354
256 384
51 62
68 45
85 71
102 126
119 117
136 63
153 118
170 118
187 170
204 203
221 265
238 295
255 392
272 256
289 325
54 133
72 53
90 87
108 122
126 129
144 93
162 128
180 170
198 179
216 248
234 285
252 357
270 250
288 271
306 382
324 439
57 129
76 79
95 107
114 159
133 93
152 128
171 156
190 183
209 258
228 339
247 385
266 280
285 304
304 352
323 462
342 554
361 712
60 192
80 102
100 122
120 174
140 120
160 176
180 231
200 265
220 332
240 400
260 255
280 347
300 388
320 441
340 556
360 590
380 715
400 836
63 153
84 178
105 216
126 231
147 160
168 229
189 235
210 319
231 302
252 441
273 298
294 404
315 415
336 519
357 668
378 741
399 733
420 889
441 1074
66 83
88 144
110 206
132 208
154 226
176 303
198 300
220 340
242 372
264 330
286 429
308 481
330 469
352 608
374 653
396 703
418 923
440 989
462 1108
484 1243
69 159
92 258
115 291
138 221
161 310
184 357
207 333
230 439
253 555
276 405
299 389
322 581
345 524
368 733
391 772
414 943
437 901
460 1104
483 1306
506 1478
529 1138
72 166
96 233
120 296
144 238
168 357
192 333
216 379
240 424
264 338
288 418
312 417
336 684
360 633
384 793
408 770
432 912
456 1179
480 1265
504 1347
528 1116
552 1234
576 1566
75 159
100 232
125 297
150 262
175 300
200 413
225 523
250 520
275 455
300 515
325 615
350 698
375 831
400 1051
425 919
450 1104
475 1232
500 1398
525 1149
550 1313
575 1417
600 1606
625 1796
78 268
104 366
130 232
156 275
182 448
208 491
234 532
260 417
286 545
312 607
338 637
364 730
390 813
416 1028
442 1048
468 1331
494 1279
520 995
546 1241
572 1405
598 1434
624 1690
650 1679
676 1972
81 221
108 310
135 248
162 362
189 465
216 505
243 619
270 520
297 563
324 721
351 791
378 841
405 1004
432 1367
459 1255
486 1330
513 1089
540 1237
567 1240
594 1522
621 1611
648 1745
675 1888
702 2054
729 2212
84 278
112 372
140 319
168 420
196 423
224 641
252 665
280 533
308 628
336 785
364 856
392 1019
420 1120
448 932
476 1461
504 1487
532 1186
560 1307
588 1463
616 1491
644 1902
672 1957
700 1896
728 2338
756 2313
784 2722
87 268
116 332
145 344
174 442
203 564
232 668
261 552
290 749
319 749
348 789
377 908
406 1074
435 1339
464 1351
493 1374
522 1107
551 1388
580 1442
609 1517
638 1685
667 1827
696 2094
725 2333
754 2538
783 2797
812 2981
841 2807
90 309
120 443
150 386
180 484
210 568
240 689
270 612
300 713
330 812
360 850
390 1013
420 1174
450 1275
480 1478
510 1747
540 1317
570 1412
600 1542
630 1619
660 1990
690 1956
720 2202
750 2367
780 2570
810 2762
840 3255
870 3357
900 3620
93 384
124 496
155 502
186 553
217 605
248 765
279 616
310 744
341 800
372 987
403 1025
434 1103
465 1424
496 1525
527 1103
558 1267
589 1424
620 1597
651 1944
682 2136
713 1996
744 2129
775 2352
806 2707
837 2764
868 3070
899 3676
930 3724
961 4378
96 368
128 493
160 519
192 584
224 719
256 836
288 720
320 834
352 978
384 1102
416 1501
448 1433
480 1589
512 1659
544 1393
576 1294
608 1560
640 1723
672 2155
704 2149
736 2478
768 2619
800 2721
832 2836
864 3002
896 3633
928 3889
960 4085
992 4566
1024 4546
99 468
132 442
165 577
198 446
231 864
264 715
297 728
330 1038
363 1079
396 1072
429 1213
462 1597
495 1843
528 1280
561 1575
594 1425
627 1689
660 1982
693 2231
726 2483
759 2288
792 2888
825 3019
858 2904
891 3048
924 3414
957 4000
990 3886
1023 4165
1056 3613
1089 4112
